0.0000 316
0.0083 318
0.0167 320
0.0250 318
0.0333 318
0.0417 318
0.0500 319
0.0583 317
0.0667 320
0.0750 320
0.0833 318
0.0917 322
0.1000 323
0.1083 321
0.1167 323
0.1250 324
0.1333 324
0.1417 322
0.1500 320
0.1583 324
0.1667 326
0.1750 323
0.1833 321
0.1917 329
0.2000 337
0.2083 344
0.2167 348
0.2250 354
0.2333 365
0.2417 365
0.2500 354
0.2583 343
0.2667 334
0.2750 323
0.2833 316
0.2917 313
0.3000 309
0.3083 310
0.3167 313
0.3250 313
0.3333 310
0.3417 310
0.3500 311
0.3583 340
0.3667 427
0.3750 504
0.3833 446
0.3917 280
0.4000 145
0.4083 139
0.4167 195
0.4250 250
0.4333 306
0.4417 328
0.4500 333
0.4583 339
0.4667 342
0.4750 346
0.4833 350
0.4917 352
0.5000 355
0.5083 360
0.5167 365
0.5250 370
0.5333 371
0.5417 375
0.5500 383
0.5583 390
0.5667 399
0.5750 408
0.5833 419
0.5917 427
0.6000 432
0.6083 438
0.6167 435
0.6250 430
0.6333 419
0.6417 396
0.6500 376
0.6583 355
0.6667 338
0.6750 327
0.6833 319
0.6917 314
0.7000 311
0.7083 309
0.7167 309
0.7250 309
0.7333 306
0.7417 309
0.7500 310
0.7583 308
0.7667 311
0.7750 312
0.7833 313
0.7917 315
0.8000 315
0.8083 317
0.8167 318
0.8250 319
0.8333 320
0.8417 320
0.8500 318
0.8583 318
0.8667 319
0.8750 316
0.8833 316
0.8917 317
0.9000 315
0.9083 317
0.9167 319
0.9250 316
0.9333 316
0.9417 316
0.9500 314
0.9583 314
0.9667 315
0.9750 317
0.9833 318
0.9917 315
1.0000 316
1.0083 319
1.0167 320
1.0250 317
1.0333 319
1.0417 322
1.0500 320
1.0583 322
1.0667 322
1.0750 320
1.0833 322
1.0917 324
1.1000 324
1.1083 329
1.1167 337
1.1250 344
1.1333 351
1.1417 355
1.1500 363
1.1583 364
1.1667 357
1.1750 351
1.1833 343
1.1917 330
1.2000 318
1.2083 318
1.2167 314
1.2250 314
1.2333 316
1.2417 316
1.2500 314
1.2583 315
1.2667 310
1.2750 325
1.2833 399
1.2917 504
1.3000 504
1.3083 354
1.3167 167
1.3250 115
1.3333 178
1.3417 236
1.3500 297
1.3583 328
1.3667 333
1.3750 337
1.3833 340
1.3917 343
1.4000 346
1.4083 349
1.4167 352
1.4250 356
1.4333 360
1.4417 365
1.4500 368
1.4583 373
1.4667 380
1.4750 387
1.4833 395
1.4917 403
1.5000 415
1.5083 427
1.5167 434
1.5250 436
1.5333 439
1.5417 437
1.5500 427
1.5583 410
1.5667 390
1.5750 365
1.5833 346
1.5917 333
1.6000 320
1.6083 315
1.6167 312
1.6250 309
1.6333 309
1.6417 310
1.6500 307
1.6583 308
1.6667 310
1.6750 310
1.6833 310
1.6917 311
1.7000 311
1.7083 312
1.7167 313
1.7250 315
1.7333 316
1.7417 316
1.7500 317
1.7583 319
1.7667 320
1.7750 318
1.7833 319
1.7917 316
1.8000 317
1.8083 320
1.8167 317
1.8250 315
1.8333 316
1.8417 317
1.8500 319
1.8583 315
1.8667 313
1.8750 317
1.8833 318
1.8917 316
1.9000 317
1.9083 317
1.9167 315
1.9250 316
1.9333 316
1.9417 318
1.9500 320
1.9583 320
1.9667 321
1.9750 321
1.9833 319
1.9917 320
2.0000 320
2.0083 321
2.0167 323
2.0250 326
2.0333 334
2.0417 342
2.0500 345
2.0583 349
2.0667 358
2.0750 361
2.0833 354
2.0917 350
2.1000 345
2.1083 331
2.1167 319
2.1250 316
2.1333 313
2.1417 313
2.1500 313
2.1583 311
2.1667 312
2.1750 310
2.1833 306
2.1917 311
2.2000 345
2.2083 439
2.2167 507
2.2250 429
2.2333 252
2.2417 132
2.2500 148
2.2583 200
2.2667 252
2.2750 308
2.2833 325
2.2917 333
2.3000 338
2.3083 343
2.3167 348
2.3250 351
2.3333 353
2.3417 356
2.3500 357
2.3583 362
2.3667 366
2.3750 370
2.3833 374
2.3917 382
2.4000 391
2.4083 397
2.4167 407
2.4250 417
2.4333 424
2.4417 432
2.4500 436
2.4583 437
2.4667 431
2.4750 418
2.4833 403
2.4917 379
2.5000 355
2.5083 341
2.5167 329
2.5250 320
2.5333 314
2.5417 312
2.5500 310
2.5583 308
2.5667 32
2.5750 316
2.5833 318
2.5917 318
2.6000 319
2.6083 320
2.6167 320
2.6250 321
2.6333 321
2.6417 321
2.6500 321
2.6583 323
2.6667 323
2.6750 320
2.6833 321
2.6917 322
2.7000 320
2.7083 321
2.7167 319
2.7250 320
2.7333 322
2.7417 322
2.7500 320
2.7583 320
2.7667 320
2.7750 321
2.7833 321
2.7917 322
2.8000 322
2.8083 320
2.8167 322
2.8250 322
2.8333 322
2.8417 324
2.8500 332
2.8583 340
2.8667 347
2.8750 349
2.8833 356
2.8917 364
2.9000 357
2.9083 349
2.9167 346
2.9250 335
2.9333 320
2.9417 313
2.9500 313
2.9583 310
2.9667 310
2.9750 308
2.9833 311
2.9917 312
3.0000 310
3.0083 307
3.0167 324
3.0250 396
3.0333 489
3.0417 477
3.0500 336
3.0583 174
3.0667 128
3.0750 180
3.0833 231
3.0917 291
3.1000 325
3.1083 333
3.1167 340
3.1250 344
3.1333 347
3.1417 351
3.1500 355
3.1583 355
3.1667 358
3.1750 361
3.1833 363
3.1917 366
3.2000 373
3.2083 379
3.2167 385
3.2250 394
3.2333 404
3.2417 414
3.2500 425
3.2583 433
3.2667 436
3.2750 439
3.2833 437
3.2917 428
3.3000 410
3.3083 386
3.3167 366
3.3250 348
3.3333 334
3.3417 323
3.3500 315
3.3583 310
3.3667 308
3.3750 310
3.3833 310
3.3917 308
3.4000 311
3.4083 311
3.4167 311
3.4250 311
3.4333 312
3.4417 312
3.4500 312
3.4583 313
3.4667 314
3.4750 314
3.4833 312
3.4917 314
3.5000 315
3.5083 315
3.5167 316
3.5250 314
3.5333 314
3.5417 316
3.5500 317
3.5583 317
3.5667 313
3.5750 313
3.5833 314
3.5917 312
3.6000 315
3.6083 318
3.6167 316
3.6250 316
3.6333 316
3.6417 318
3.6500 319
3.6583 317
3.6667 317
3.6750 318
3.6833 319
3.6917 319
3.7000 321
3.7083 319
3.7167 322
3.7250 329
3.7333 336
3.7417 343
3.7500 348
3.7583 353
3.7667 361
3.7750 362
3.7833 355
3.7917 351
3.8000 342
3.8083 327
3.8167 318
3.8250 316
3.8333 312
3.8417 308
3.8500 311
3.8583 312
3.8667 313
3.8750 313
3.8833 309
3.8917 313
3.9000 349
3.9083 448
3.9167 516
3.9250 435
3.9333 242
3.9417 117
3.9500 145
3.9583 203
3.9667 262
3.9750 315
3.9833 329
3.9917 334
4.0000 339
4.0083 343
4.0167 348
4.0250 350
4.0333 351
4.0417 354
4.0500 359
4.0583 364
4.0667 368
4.0750 372
4.0833 378
4.0917 382
4.1000 389
4.1083 400
4.1167 411
4.1250 420
4.1333 428
4.1417 433
4.1500 438
4.1583 439
4.1667 431
4.1750 418
4.1833 398
4.1917 374
4.2000 355
4.2083 336
4.2167 324
4.2250 317
4.2333 310
4.2417 310
4.2500 311
4.2583 308
4.2667 310
4.2750 312
4.2833 309
4.2917 310
4.3000 311
4.3083 311
4.3167 313
4.3250 314
4.3333 315
4.3417 316
4.3500 319
4.3583 317
4.3667 317
4.3750 318
4.3833 319
4.3917 317
4.4000 317
4.4083 318
4.4167 319
4.4250 316
4.4333 317
4.4417 319
4.4500 317
4.4583 314
4.4667 318
4.4750 320
4.4833 318
4.4917 316
4.5000 318
4.5083 320
4.5167 318
4.5250 319
4.5333 319
4.5417 319
4.5500 319
4.5583 319
4.5667 320
4.5750 321
4.5833 321
4.5917 322
4.6000 325
4.6083 333
4.6167 340
4.6250 345
4.6333 349
4.6417 358
4.6500 358
4.6583 352
4.6667 350
4.6750 341
4.6833 326
4.6917 317
4.7000 315
4.7083 311
4.7167 311
4.7250 309
4.7333 309
4.7417 310
4.7500 311
4.7583 305
4.7667 311
4.7750 357
4.7833 452
4.7917 496
4.8000 400
4.8083 227
4.8167 129
4.8250 158
4.8333 209
4.8417 262
4.8500 312
4.8583 327
4.8667 334
4.8750 340
4.8833 344
4.8917 345
4.9000 348
4.9083 352
4.9167 354
4.9250 357
4.9333 361
4.9417 365
4.9500 370
4.9583 376
4.9667 381
4.9750 388
4.9833 398
4.9917 410
